lr: 0.0016150314867822216
weight_decay: 4.471967886953457e-05
cnn_channels: 384
cnn_kernel: 3
cnn_layers: 3
lstm_hidden: 512
lstm_layers: 1
dropout: 0.17743104178493208
trial_val_cer: 39.5879
search_mode: two-phase
search_phase_found: F1
num_coarse_trials: 20
num_fine_trials: 30
coarse_epochs: 60
fine_epochs: 80
num_trial_sessions: 8
fine_shrink: 3.0
tuned_at: '2026-03-12 00:26:48'
