lr: 0.0004584197485106983
weight_decay: 0.05407136503563504
hidden_size: 512
num_layers: 1
dropout: 0.44212708840605874
trial_val_cer: 91.4931
search_mode: two-phase
search_phase_found: C
num_coarse_trials: 30
num_fine_trials: 10
coarse_epochs: 10
fine_epochs: 10
num_trial_sessions: 8
fine_shrink: 3.0
tuned_at: '2026-03-07 15:38:16'
