lr: 0.0004359400788954502
weight_decay: 0.002795255278750788
hidden_size: 256
num_layers: 3
dropout: 0.21001172734764773
trial_val_cer: 100.0
data_root: D:\C247_mumbikaijonathanben\data_latent
num_trial_sessions: 5
window_length: 125
search_mode: coarse-only
search_phase_found: C
num_coarse_trials: 1
num_fine_trials: 0
coarse_epochs: 2
tuned_at: '2026-03-11 20:55:18'
