lr: 0.0004584197485106983
hidden_size: 512
num_layers: 1
dropout: 0.44212708840605874
weight_decay: 0.05407136503563504
trial_val_cer: 94.1072
num_trial_epochs: 10
num_trial_sessions: 4
num_trials_run: 15
tuned_at: '2026-03-05 17:54:30'
