lr: 0.0004359400788954502
hidden_size: 256
num_layers: 3
dropout: 0.21001172734764773
weight_decay: 0.002795255278750788
trial_val_cer: 100.0
num_trial_epochs: 5
num_trial_sessions: 3
num_trials_run: 5
tuned_at: '2026-03-05 17:08:20'
