lr: 0.0004359400788954502
weight_decay: 0.029712721228815235
d_model: 128
num_heads: 16
num_layers: 4
conv_kernel_size: 15
dropout: 0.16696322144464684
trial_val_cer: 100.0
pipeline: recons
search_mode: two-phase
search_phase_found: C
num_coarse_trials: 9
num_fine_trials: 0
coarse_epochs: 6
fine_epochs: 6
num_trial_sessions: 8
fine_shrink: 3.0
tuned_at: '2026-03-12 12:42:29'
