lr: 0.0004359400788954502
weight_decay: 0.0016032097757088814
d_model: 128
num_heads: 8
num_layers: 2
conv_kernel_size: 15
dropout: 0.1418613785575432
trial_val_cer: 91.1387
num_trial_epochs: 10
num_trial_sessions: 4
num_trials_run: 13
tuned_at: '2026-03-05 21:35:03'
